Grading at Mon Nov  9 15:12:28 UTC 2020
Attempting to compile retirement.c
Checking for struct _retire_info
Found on line 4, column 1 
Checking for field int months
Found on line 5, column 3 
Checking for field double contribution
Found on line 6, column 3 
Checking for field double rate_of_return
Found on line 7, column 3 
Checking for typedef of struct _retire_info to retire_info
Found on line 10, column 1 
Checking for void retirement (int startAge, double initial,  retire_info working,  retire_info retired)
Found on line 20, column 1 
Checking for int main(void)
Found on line 31, column 1 
Trying to run retirement calculator..
Your file matched the expected output
Removing your main() and replacing it with our own to run more tests...
                |         Working              |        Retired         
 Age | Initial  | Saving  |   Rate    | Months | Spending |   Rate    | Months | Result
 240 |     0.00 | 1234.00 | 0.0026700 |   597  | -3567.00 | 0.0004000 |   204  | Correct
 240 |     0.00 | 1234.00 | 0.0026700 |   597  | -3567.00 | 0.0004000 |   378  | Correct
 240 |     0.00 | 1234.00 | 0.0026700 |   597  | -3567.00 | 0.0048800 |   223  | Correct
 240 |     0.00 | 1234.00 | 0.0026700 |   597  | -3567.00 | 0.0048800 |   373  | Correct
 240 |     0.00 | 1234.00 | 0.0026700 |   597  | -6534.00 | 0.0005800 |   218  | Correct
 240 |     0.00 | 1234.00 | 0.0026700 |   597  | -6534.00 | 0.0005800 |   398  | Correct
 240 |     0.00 | 1234.00 | 0.0026700 |   597  | -6534.00 | 0.0043400 |   219  | Correct
 240 |     0.00 | 1234.00 | 0.0026700 |   597  | -6534.00 | 0.0043400 |   405  | Correct
 240 |     0.00 | 1234.00 | 0.0026700 |   604  | -3567.00 | 0.0004600 |   209  | Correct
 240 |     0.00 | 1234.00 | 0.0026700 |   604  | -3567.00 | 0.0004600 |   383  | Correct
 240 |     0.00 | 1234.00 | 0.0026700 |   604  | -3567.00 | 0.0044500 |   222  | Correct
 240 |     0.00 | 1234.00 | 0.0026700 |   604  | -3567.00 | 0.0044500 |   400  | Correct
 240 |     0.00 | 1234.00 | 0.0026700 |   604  | -6534.00 | 0.0009900 |   230  | Correct
 240 |     0.00 | 1234.00 | 0.0026700 |   604  | -6534.00 | 0.0009900 |   396  | Correct
 240 |     0.00 | 1234.00 | 0.0026700 |   604  | -6534.00 | 0.0047900 |   225  | Correct
 240 |     0.00 | 1234.00 | 0.0026700 |   604  | -6534.00 | 0.0047900 |   390  | Correct
 240 |     0.00 | 1234.00 | 0.0056700 |   597  | -3567.00 | 0.0006100 |   215  | Correct
 240 |     0.00 | 1234.00 | 0.0056700 |   597  | -3567.00 | 0.0006100 |   384  | Correct
 240 |     0.00 | 1234.00 | 0.0056700 |   597  | -3567.00 | 0.0043500 |   210  | Correct
 240 |     0.00 | 1234.00 | 0.0056700 |   597  | -3567.00 | 0.0043500 |   397  | Correct
 240 |     0.00 | 1234.00 | 0.0056700 |   597  | -6534.00 | 0.0005800 |   204  | Correct
 240 |     0.00 | 1234.00 | 0.0056700 |   597  | -6534.00 | 0.0005800 |   373  | Correct
 240 |     0.00 | 1234.00 | 0.0056700 |   597  | -6534.00 | 0.0044200 |   211  | Correct
 240 |     0.00 | 1234.00 | 0.0056700 |   597  | -6534.00 | 0.0044200 |   388  | Correct
 240 |     0.00 | 1234.00 | 0.0056700 |   601  | -3567.00 | 0.0006600 |   233  | Correct
 240 |     0.00 | 1234.00 | 0.0056700 |   601  | -3567.00 | 0.0006600 |   402  | Correct
 240 |     0.00 | 1234.00 | 0.0056700 |   601  | -3567.00 | 0.0044400 |   227  | Correct
 240 |     0.00 | 1234.00 | 0.0056700 |   601  | -3567.00 | 0.0044400 |   392  | Correct
 240 |     0.00 | 1234.00 | 0.0056700 |   601  | -6534.00 | 0.0008200 |   204  | Correct
 240 |     0.00 | 1234.00 | 0.0056700 |   601  | -6534.00 | 0.0008200 |   373  | Correct
 240 |     0.00 | 1234.00 | 0.0056700 |   601  | -6534.00 | 0.0042200 |   227  | Correct
 240 |     0.00 | 1234.00 | 0.0056700 |   601  | -6534.00 | 0.0042200 |   372  | Correct
 240 |     0.00 | 3756.00 | 0.0026700 |   597  | -3567.00 | 0.0009400 |   215  | Correct
 240 |     0.00 | 3756.00 | 0.0026700 |   597  | -3567.00 | 0.0009400 |   373  | Correct
 240 |     0.00 | 3756.00 | 0.0026700 |   597  | -3567.00 | 0.0046200 |   214  | Correct
 240 |     0.00 | 3756.00 | 0.0026700 |   597  | -3567.00 | 0.0046200 |   398  | Correct
 240 |     0.00 | 3756.00 | 0.0026700 |   597  | -6534.00 | 0.0000500 |   212  | Correct
 240 |     0.00 | 3756.00 | 0.0026700 |   597  | -6534.00 | 0.0000500 |   396  | Correct
 240 |     0.00 | 3756.00 | 0.0026700 |   597  | -6534.00 | 0.0048100 |   224  | Correct
 240 |     0.00 | 3756.00 | 0.0026700 |   597  | -6534.00 | 0.0048100 |   399  | Correct
 240 |     0.00 | 3756.00 | 0.0026700 |   606  | -3567.00 | 0.0003400 |   220  | Correct
 240 |     0.00 | 3756.00 | 0.0026700 |   606  | -3567.00 | 0.0003400 |   375  | Correct
 240 |     0.00 | 3756.00 | 0.0026700 |   606  | -3567.00 | 0.0040800 |   222  | Correct
 240 |     0.00 | 3756.00 | 0.0026700 |   606  | -3567.00 | 0.0040800 |   391  | Correct
 240 |     0.00 | 3756.00 | 0.0026700 |   606  | -6534.00 | 0.0008300 |   226  | Correct
 240 |     0.00 | 3756.00 | 0.0026700 |   606  | -6534.00 | 0.0008300 |   394  | Correct
 240 |     0.00 | 3756.00 | 0.0026700 |   606  | -6534.00 | 0.0040600 |   213  | Correct
 240 |     0.00 | 3756.00 | 0.0026700 |   606  | -6534.00 | 0.0040600 |   381  | Correct
 240 |     0.00 | 3756.00 | 0.0056700 |   597  | -3567.00 | 0.0005800 |   205  | Correct
 240 |     0.00 | 3756.00 | 0.0056700 |   597  | -3567.00 | 0.0005800 |   372  | Correct
 240 |     0.00 | 3756.00 | 0.0056700 |   597  | -3567.00 | 0.0047400 |   204  | Correct
 240 |     0.00 | 3756.00 | 0.0056700 |   597  | -3567.00 | 0.0047400 |   386  | Correct
 240 |     0.00 | 3756.00 | 0.0056700 |   597  | -6534.00 | 0.0005300 |   232  | Correct
 240 |     0.00 | 3756.00 | 0.0056700 |   597  | -6534.00 | 0.0005300 |   390  | Correct
 240 |     0.00 | 3756.00 | 0.0056700 |   597  | -6534.00 | 0.0044300 |   216  | Correct
 240 |     0.00 | 3756.00 | 0.0056700 |   597  | -6534.00 | 0.0044300 |   381  | Correct
 240 |     0.00 | 3756.00 | 0.0056700 |   609  | -3567.00 | 0.0009500 |   215  | Correct
 240 |     0.00 | 3756.00 | 0.0056700 |   609  | -3567.00 | 0.0009500 |   389  | Correct
 240 |     0.00 | 3756.00 | 0.0056700 |   609  | -3567.00 | 0.0044700 |   232  | Correct
 240 |     0.00 | 3756.00 | 0.0056700 |   609  | -3567.00 | 0.0044700 |   390  | Correct
 240 |     0.00 | 3756.00 | 0.0056700 |   609  | -6534.00 | 0.0005500 |   213  | Correct
 240 |     0.00 | 3756.00 | 0.0056700 |   609  | -6534.00 | 0.0005500 |   377  | Correct
 240 |     0.00 | 3756.00 | 0.0056700 |   609  | -6534.00 | 0.0042200 |   205  | Correct
 240 |     0.00 | 3756.00 | 0.0056700 |   609  | -6534.00 | 0.0042200 |   402  | Correct
 240 |  6221.89 | 1234.00 | 0.0026700 |   597  | -3567.00 | 0.0000600 |   222  | Correct
 240 |  6221.89 | 1234.00 | 0.0026700 |   597  | -3567.00 | 0.0000600 |   370  | Correct
 240 |  6221.89 | 1234.00 | 0.0026700 |   597  | -3567.00 | 0.0044900 |   207  | Correct
 240 |  6221.89 | 1234.00 | 0.0026700 |   597  | -3567.00 | 0.0044900 |   404  | Correct
 240 |  6221.89 | 1234.00 | 0.0026700 |   597  | -6534.00 | 0.0003600 |   222  | Correct
 240 |  6221.89 | 1234.00 | 0.0026700 |   597  | -6534.00 | 0.0003600 |   378  | Correct
 240 |  6221.89 | 1234.00 | 0.0026700 |   597  | -6534.00 | 0.0041900 |   231  | Correct
 240 |  6221.89 | 1234.00 | 0.0026700 |   597  | -6534.00 | 0.0041900 |   406  | Correct
 240 |  6221.89 | 1234.00 | 0.0026700 |   600  | -3567.00 | 0.0009500 |   216  | Correct
 240 |  6221.89 | 1234.00 | 0.0026700 |   600  | -3567.00 | 0.0009500 |   403  | Correct
 240 |  6221.89 | 1234.00 | 0.0026700 |   600  | -3567.00 | 0.0042000 |   232  | Correct
 240 |  6221.89 | 1234.00 | 0.0026700 |   600  | -3567.00 | 0.0042000 |   372  | Correct
 240 |  6221.89 | 1234.00 | 0.0026700 |   600  | -6534.00 | 0.0007800 |   231  | Correct
 240 |  6221.89 | 1234.00 | 0.0026700 |   600  | -6534.00 | 0.0007800 |   371  | Correct
 240 |  6221.89 | 1234.00 | 0.0026700 |   600  | -6534.00 | 0.0047300 |   209  | Correct
 240 |  6221.89 | 1234.00 | 0.0026700 |   600  | -6534.00 | 0.0047300 |   402  | Correct
 240 |  6221.89 | 1234.00 | 0.0056700 |   597  | -3567.00 | 0.0004500 |   231  | Correct
 240 |  6221.89 | 1234.00 | 0.0056700 |   597  | -3567.00 | 0.0004500 |   407  | Correct
 240 |  6221.89 | 1234.00 | 0.0056700 |   597  | -3567.00 | 0.0041900 |   230  | Correct
 240 |  6221.89 | 1234.00 | 0.0056700 |   597  | -3567.00 | 0.0041900 |   374  | Correct
 240 |  6221.89 | 1234.00 | 0.0056700 |   597  | -6534.00 | 0.0002700 |   206  | Correct
 240 |  6221.89 | 1234.00 | 0.0056700 |   597  | -6534.00 | 0.0002700 |   396  | Correct
 240 |  6221.89 | 1234.00 | 0.0056700 |   597  | -6534.00 | 0.0049900 |   224  | Correct
 240 |  6221.89 | 1234.00 | 0.0056700 |   597  | -6534.00 | 0.0049900 |   389  | Correct
 240 |  6221.89 | 1234.00 | 0.0056700 |   597  | -3567.00 | 0.0006900 |   216  | Correct
 240 |  6221.89 | 1234.00 | 0.0056700 |   597  | -3567.00 | 0.0006900 |   399  | Correct
 240 |  6221.89 | 1234.00 | 0.0056700 |   597  | -3567.00 | 0.0047200 |   207  | Correct
 240 |  6221.89 | 1234.00 | 0.0056700 |   597  | -3567.00 | 0.0047200 |   385  | Correct
 240 |  6221.89 | 1234.00 | 0.0056700 |   597  | -6534.00 | 0.0009400 |   219  | Correct
 240 |  6221.89 | 1234.00 | 0.0056700 |   597  | -6534.00 | 0.0009400 |   375  | Correct
 240 |  6221.89 | 1234.00 | 0.0056700 |   597  | -6534.00 | 0.0043700 |   214  | Correct
 240 |  6221.89 | 1234.00 | 0.0056700 |   597  | -6534.00 | 0.0043700 |   383  | Correct
 240 |  6221.89 | 3460.00 | 0.0026700 |   597  | -3567.00 | 0.0007700 |   217  | Correct
 240 |  6221.89 | 3460.00 | 0.0026700 |   597  | -3567.00 | 0.0007700 |   375  | Correct
 240 |  6221.89 | 3460.00 | 0.0026700 |   597  | -3567.00 | 0.0042200 |   204  | Correct
 240 |  6221.89 | 3460.00 | 0.0026700 |   597  | -3567.00 | 0.0042200 |   380  | Correct
 240 |  6221.89 | 3460.00 | 0.0026700 |   597  | -6534.00 | 0.0003800 |   219  | Correct
 240 |  6221.89 | 3460.00 | 0.0026700 |   597  | -6534.00 | 0.0003800 |   403  | Correct
 240 |  6221.89 | 3460.00 | 0.0026700 |   597  | -6534.00 | 0.0044700 |   233  | Correct
 240 |  6221.89 | 3460.00 | 0.0026700 |   597  | -6534.00 | 0.0044700 |   382  | Correct
 240 |  6221.89 | 3460.00 | 0.0026700 |   612  | -3567.00 | 0.0002600 |   206  | Correct
 240 |  6221.89 | 3460.00 | 0.0026700 |   612  | -3567.00 | 0.0002600 |   374  | Correct
 240 |  6221.89 | 3460.00 | 0.0026700 |   612  | -3567.00 | 0.0041100 |   216  | Correct
 240 |  6221.89 | 3460.00 | 0.0026700 |   612  | -3567.00 | 0.0041100 |   403  | Correct
 240 |  6221.89 | 3460.00 | 0.0026700 |   612  | -6534.00 | 0.0000800 |   227  | Correct
 240 |  6221.89 | 3460.00 | 0.0026700 |   612  | -6534.00 | 0.0000800 |   373  | Correct
 240 |  6221.89 | 3460.00 | 0.0026700 |   612  | -6534.00 | 0.0040000 |   214  | Correct
 240 |  6221.89 | 3460.00 | 0.0026700 |   612  | -6534.00 | 0.0040000 |   400  | Correct
 240 |  6221.89 | 3460.00 | 0.0056700 |   597  | -3567.00 | 0.0008300 |   225  | Correct
 240 |  6221.89 | 3460.00 | 0.0056700 |   597  | -3567.00 | 0.0008300 |   383  | Correct
 240 |  6221.89 | 3460.00 | 0.0056700 |   597  | -3567.00 | 0.0044800 |   226  | Correct
 240 |  6221.89 | 3460.00 | 0.0056700 |   597  | -3567.00 | 0.0044800 |   409  | Correct
 240 |  6221.89 | 3460.00 | 0.0056700 |   597  | -6534.00 | 0.0003400 |   228  | Correct
 240 |  6221.89 | 3460.00 | 0.0056700 |   597  | -6534.00 | 0.0003400 |   408  | Correct
 240 |  6221.89 | 3460.00 | 0.0056700 |   597  | -6534.00 | 0.0048300 |   224  | Correct
 240 |  6221.89 | 3460.00 | 0.0056700 |   597  | -6534.00 | 0.0048300 |   380  | Correct
 240 |  6221.89 | 3460.00 | 0.0056700 |   607  | -3567.00 | 0.0004700 |   225  | Correct
 240 |  6221.89 | 3460.00 | 0.0056700 |   607  | -3567.00 | 0.0004700 |   395  | Correct
 240 |  6221.89 | 3460.00 | 0.0056700 |   607  | -3567.00 | 0.0042500 |   219  | Correct
 240 |  6221.89 | 3460.00 | 0.0056700 |   607  | -3567.00 | 0.0042500 |   406  | Correct
 240 |  6221.89 | 3460.00 | 0.0056700 |   607  | -6534.00 | 0.0004000 |   223  | Correct
 240 |  6221.89 | 3460.00 | 0.0056700 |   607  | -6534.00 | 0.0004000 |   404  | Correct
 240 |  6221.89 | 3460.00 | 0.0056700 |   607  | -6534.00 | 0.0044000 |   230  | Correct
 240 |  6221.89 | 3460.00 | 0.0056700 |   607  | -6534.00 | 0.0044000 |   374  | Correct
 345 |     0.00 | 1234.00 | 0.0026700 |   597  | -3567.00 | 0.0001500 |   227  | Correct
 345 |     0.00 | 1234.00 | 0.0026700 |   597  | -3567.00 | 0.0001500 |   376  | Correct
 345 |     0.00 | 1234.00 | 0.0026700 |   597  | -3567.00 | 0.0048600 |   211  | Correct
 345 |     0.00 | 1234.00 | 0.0026700 |   597  | -3567.00 | 0.0048600 |   375  | Correct
 345 |     0.00 | 1234.00 | 0.0026700 |   597  | -6534.00 | 0.0004100 |   218  | Correct
 345 |     0.00 | 1234.00 | 0.0026700 |   597  | -6534.00 | 0.0004100 |   404  | Correct
 345 |     0.00 | 1234.00 | 0.0026700 |   597  | -6534.00 | 0.0046800 |   228  | Correct
 345 |     0.00 | 1234.00 | 0.0026700 |   597  | -6534.00 | 0.0046800 |   403  | Correct
 345 |     0.00 | 1234.00 | 0.0026700 |   608  | -3567.00 | 0.0000800 |   218  | Correct
 345 |     0.00 | 1234.00 | 0.0026700 |   608  | -3567.00 | 0.0000800 |   385  | Correct
 345 |     0.00 | 1234.00 | 0.0026700 |   608  | -3567.00 | 0.0047700 |   231  | Correct
 345 |     0.00 | 1234.00 | 0.0026700 |   608  | -3567.00 | 0.0047700 |   381  | Correct
 345 |     0.00 | 1234.00 | 0.0026700 |   608  | -6534.00 | 0.0006800 |   227  | Correct
 345 |     0.00 | 1234.00 | 0.0026700 |   608  | -6534.00 | 0.0006800 |   387  | Correct
 345 |     0.00 | 1234.00 | 0.0026700 |   608  | -6534.00 | 0.0049600 |   221  | Correct
 345 |     0.00 | 1234.00 | 0.0026700 |   608  | -6534.00 | 0.0049600 |   385  | Correct
 345 |     0.00 | 1234.00 | 0.0056700 |   597  | -3567.00 | 0.0004600 |   232  | Correct
 345 |     0.00 | 1234.00 | 0.0056700 |   597  | -3567.00 | 0.0004600 |   374  | Correct
 345 |     0.00 | 1234.00 | 0.0056700 |   597  | -3567.00 | 0.0048900 |   217  | Correct
 345 |     0.00 | 1234.00 | 0.0056700 |   597  | -3567.00 | 0.0048900 |   400  | Correct
 345 |     0.00 | 1234.00 | 0.0056700 |   597  | -6534.00 | 0.0002800 |   217  | Correct
 345 |     0.00 | 1234.00 | 0.0056700 |   597  | -6534.00 | 0.0002800 |   388  | Correct
 345 |     0.00 | 1234.00 | 0.0056700 |   597  | -6534.00 | 0.0043500 |   230  | Correct
 345 |     0.00 | 1234.00 | 0.0056700 |   597  | -6534.00 | 0.0043500 |   383  | Correct
 345 |     0.00 | 1234.00 | 0.0056700 |   589  | -3567.00 | 0.0002500 |   219  | Correct
 345 |     0.00 | 1234.00 | 0.0056700 |   589  | -3567.00 | 0.0002500 |   375  | Correct
 345 |     0.00 | 1234.00 | 0.0056700 |   589  | -3567.00 | 0.0043400 |   225  | Correct
 345 |     0.00 | 1234.00 | 0.0056700 |   589  | -3567.00 | 0.0043400 |   385  | Correct
 345 |     0.00 | 1234.00 | 0.0056700 |   589  | -6534.00 | 0.0000500 |   204  | Correct
 345 |     0.00 | 1234.00 | 0.0056700 |   589  | -6534.00 | 0.0000500 |   388  | Correct
 345 |     0.00 | 1234.00 | 0.0056700 |   589  | -6534.00 | 0.0046300 |   226  | Correct
 345 |     0.00 | 1234.00 | 0.0056700 |   589  | -6534.00 | 0.0046300 |   379  | Correct
 345 |     0.00 | 3494.00 | 0.0026700 |   597  | -3567.00 | 0.0003300 |   232  | Correct
 345 |     0.00 | 3494.00 | 0.0026700 |   597  | -3567.00 | 0.0003300 |   370  | Correct
 345 |     0.00 | 3494.00 | 0.0026700 |   597  | -3567.00 | 0.0045100 |   230  | Correct
 345 |     0.00 | 3494.00 | 0.0026700 |   597  | -3567.00 | 0.0045100 |   380  | Correct
 345 |     0.00 | 3494.00 | 0.0026700 |   597  | -6534.00 | 0.0006000 |   208  | Correct
 345 |     0.00 | 3494.00 | 0.0026700 |   597  | -6534.00 | 0.0006000 |   401  | Correct
 345 |     0.00 | 3494.00 | 0.0026700 |   597  | -6534.00 | 0.0041200 |   228  | Correct
 345 |     0.00 | 3494.00 | 0.0026700 |   597  | -6534.00 | 0.0041200 |   379  | Correct
 345 |     0.00 | 3494.00 | 0.0026700 |   586  | -3567.00 | 0.0008900 |   233  | Correct
 345 |     0.00 | 3494.00 | 0.0026700 |   586  | -3567.00 | 0.0008900 |   400  | Correct
 345 |     0.00 | 3494.00 | 0.0026700 |   586  | -3567.00 | 0.0049600 |   216  | Correct
 345 |     0.00 | 3494.00 | 0.0026700 |   586  | -3567.00 | 0.0049600 |   392  | Correct
 345 |     0.00 | 3494.00 | 0.0026700 |   586  | -6534.00 | 0.0004900 |   205  | Correct
 345 |     0.00 | 3494.00 | 0.0026700 |   586  | -6534.00 | 0.0004900 |   373  | Correct
 345 |     0.00 | 3494.00 | 0.0026700 |   586  | -6534.00 | 0.0041600 |   230  | Correct
 345 |     0.00 | 3494.00 | 0.0026700 |   586  | -6534.00 | 0.0041600 |   387  | Correct
 345 |     0.00 | 3494.00 | 0.0056700 |   597  | -3567.00 | 0.0004300 |   218  | Correct
 345 |     0.00 | 3494.00 | 0.0056700 |   597  | -3567.00 | 0.0004300 |   372  | Correct
 345 |     0.00 | 3494.00 | 0.0056700 |   597  | -3567.00 | 0.0040700 |   207  | Correct
 345 |     0.00 | 3494.00 | 0.0056700 |   597  | -3567.00 | 0.0040700 |   399  | Correct
 345 |     0.00 | 3494.00 | 0.0056700 |   597  | -6534.00 | 0.0003400 |   214  | Correct
 345 |     0.00 | 3494.00 | 0.0056700 |   597  | -6534.00 | 0.0003400 |   375  | Correct
 345 |     0.00 | 3494.00 | 0.0056700 |   597  | -6534.00 | 0.0046000 |   206  | Correct
 345 |     0.00 | 3494.00 | 0.0056700 |   597  | -6534.00 | 0.0046000 |   374  | Correct
 345 |     0.00 | 3494.00 | 0.0056700 |   608  | -3567.00 | 0.0001500 |   213  | Correct
 345 |     0.00 | 3494.00 | 0.0056700 |   608  | -3567.00 | 0.0001500 |   408  | Correct
 345 |     0.00 | 3494.00 | 0.0056700 |   608  | -3567.00 | 0.0046300 |   204  | Correct
 345 |     0.00 | 3494.00 | 0.0056700 |   608  | -3567.00 | 0.0046300 |   401  | Correct
 345 |     0.00 | 3494.00 | 0.0056700 |   608  | -6534.00 | 0.0009500 |   225  | Correct
 345 |     0.00 | 3494.00 | 0.0056700 |   608  | -6534.00 | 0.0009500 |   390  | Correct
 345 |     0.00 | 3494.00 | 0.0056700 |   608  | -6534.00 | 0.0047600 |   233  | Correct
 345 |     0.00 | 3494.00 | 0.0056700 |   608  | -6534.00 | 0.0047600 |   407  | Correct
 345 |  8042.32 | 1234.00 | 0.0026700 |   597  | -3567.00 | 0.0008400 |   212  | Correct
 345 |  8042.32 | 1234.00 | 0.0026700 |   597  | -3567.00 | 0.0008400 |   407  | Correct
 345 |  8042.32 | 1234.00 | 0.0026700 |   597  | -3567.00 | 0.0044000 |   214  | Correct
 345 |  8042.32 | 1234.00 | 0.0026700 |   597  | -3567.00 | 0.0044000 |   381  | Correct
 345 |  8042.32 | 1234.00 | 0.0026700 |   597  | -6534.00 | 0.0005400 |   207  | Correct
 345 |  8042.32 | 1234.00 | 0.0026700 |   597  | -6534.00 | 0.0005400 |   374  | Correct
 345 |  8042.32 | 1234.00 | 0.0026700 |   597  | -6534.00 | 0.0043200 |   233  | Correct
 345 |  8042.32 | 1234.00 | 0.0026700 |   597  | -6534.00 | 0.0043200 |   395  | Correct
 345 |  8042.32 | 1234.00 | 0.0026700 |   604  | -3567.00 | 0.0006200 |   224  | Correct
 345 |  8042.32 | 1234.00 | 0.0026700 |   604  | -3567.00 | 0.0006200 |   390  | Correct
 345 |  8042.32 | 1234.00 | 0.0026700 |   604  | -3567.00 | 0.0041900 |   220  | Correct
 345 |  8042.32 | 1234.00 | 0.0026700 |   604  | -3567.00 | 0.0041900 |   375  | Correct
 345 |  8042.32 | 1234.00 | 0.0026700 |   604  | -6534.00 | 0.0000500 |   220  | Correct
 345 |  8042.32 | 1234.00 | 0.0026700 |   604  | -6534.00 | 0.0000500 |   385  | Correct
 345 |  8042.32 | 1234.00 | 0.0026700 |   604  | -6534.00 | 0.0041000 |   211  | Correct
 345 |  8042.32 | 1234.00 | 0.0026700 |   604  | -6534.00 | 0.0041000 |   408  | Correct
 345 |  8042.32 | 1234.00 | 0.0056700 |   597  | -3567.00 | 0.0000400 |   205  | Correct
 345 |  8042.32 | 1234.00 | 0.0056700 |   597  | -3567.00 | 0.0000400 |   401  | Correct
 345 |  8042.32 | 1234.00 | 0.0056700 |   597  | -3567.00 | 0.0044400 |   219  | Correct
 345 |  8042.32 | 1234.00 | 0.0056700 |   597  | -3567.00 | 0.0044400 |   401  | Correct
 345 |  8042.32 | 1234.00 | 0.0056700 |   597  | -6534.00 | 0.0004200 |   228  | Correct
 345 |  8042.32 | 1234.00 | 0.0056700 |   597  | -6534.00 | 0.0004200 |   402  | Correct
 345 |  8042.32 | 1234.00 | 0.0056700 |   597  | -6534.00 | 0.0041200 |   213  | Correct
 345 |  8042.32 | 1234.00 | 0.0056700 |   597  | -6534.00 | 0.0041200 |   388  | Correct
 345 |  8042.32 | 1234.00 | 0.0056700 |   600  | -3567.00 | 0.0001400 |   209  | Correct
 345 |  8042.32 | 1234.00 | 0.0056700 |   600  | -3567.00 | 0.0001400 |   372  | Correct
 345 |  8042.32 | 1234.00 | 0.0056700 |   600  | -3567.00 | 0.0048200 |   208  | Correct
 345 |  8042.32 | 1234.00 | 0.0056700 |   600  | -3567.00 | 0.0048200 |   401  | Correct
 345 |  8042.32 | 1234.00 | 0.0056700 |   600  | -6534.00 | 0.0006700 |   206  | Correct
 345 |  8042.32 | 1234.00 | 0.0056700 |   600  | -6534.00 | 0.0006700 |   394  | Correct
 345 |  8042.32 | 1234.00 | 0.0056700 |   600  | -6534.00 | 0.0041600 |   210  | Correct
 345 |  8042.32 | 1234.00 | 0.0056700 |   600  | -6534.00 | 0.0041600 |   399  | Correct
 345 |  8042.32 | 3801.00 | 0.0026700 |   597  | -3567.00 | 0.0009600 |   220  | Correct
 345 |  8042.32 | 3801.00 | 0.0026700 |   597  | -3567.00 | 0.0009600 |   385  | Correct
 345 |  8042.32 | 3801.00 | 0.0026700 |   597  | -3567.00 | 0.0044400 |   226  | Correct
 345 |  8042.32 | 3801.00 | 0.0026700 |   597  | -3567.00 | 0.0044400 |   409  | Correct
 345 |  8042.32 | 3801.00 | 0.0026700 |   597  | -6534.00 | 0.0009300 |   225  | Correct
 345 |  8042.32 | 3801.00 | 0.0026700 |   597  | -6534.00 | 0.0009300 |   401  | Correct
 345 |  8042.32 | 3801.00 | 0.0026700 |   597  | -6534.00 | 0.0043600 |   223  | Correct
 345 |  8042.32 | 3801.00 | 0.0026700 |   597  | -6534.00 | 0.0043600 |   387  | Correct
 345 |  8042.32 | 3801.00 | 0.0026700 |   601  | -3567.00 | 0.0004700 |   216  | Correct
 345 |  8042.32 | 3801.00 | 0.0026700 |   601  | -3567.00 | 0.0004700 |   385  | Correct
 345 |  8042.32 | 3801.00 | 0.0026700 |   601  | -3567.00 | 0.0048700 |   232  | Correct
 345 |  8042.32 | 3801.00 | 0.0026700 |   601  | -3567.00 | 0.0048700 |   382  | Correct
 345 |  8042.32 | 3801.00 | 0.0026700 |   601  | -6534.00 | 0.0007400 |   209  | Correct
 345 |  8042.32 | 3801.00 | 0.0026700 |   601  | -6534.00 | 0.0007400 |   387  | Correct
 345 |  8042.32 | 3801.00 | 0.0026700 |   601  | -6534.00 | 0.0049700 |   215  | Correct
 345 |  8042.32 | 3801.00 | 0.0026700 |   601  | -6534.00 | 0.0049700 |   385  | Correct
 345 |  8042.32 | 3801.00 | 0.0056700 |   597  | -3567.00 | 0.0002100 |   224  | Correct
 345 |  8042.32 | 3801.00 | 0.0056700 |   597  | -3567.00 | 0.0002100 |   387  | Correct
 345 |  8042.32 | 3801.00 | 0.0056700 |   597  | -3567.00 | 0.0041700 |   226  | Correct
 345 |  8042.32 | 3801.00 | 0.0056700 |   597  | -3567.00 | 0.0041700 |   385  | Correct
 345 |  8042.32 | 3801.00 | 0.0056700 |   597  | -6534.00 | 0.0009500 |   211  | Correct
 345 |  8042.32 | 3801.00 | 0.0056700 |   597  | -6534.00 | 0.0009500 |   387  | Correct
 345 |  8042.32 | 3801.00 | 0.0056700 |   597  | -6534.00 | 0.0046300 |   225  | Correct
 345 |  8042.32 | 3801.00 | 0.0056700 |   597  | -6534.00 | 0.0046300 |   376  | Correct
 345 |  8042.32 | 3801.00 | 0.0056700 |   608  | -3567.00 | 0.0009500 |   219  | Correct
 345 |  8042.32 | 3801.00 | 0.0056700 |   608  | -3567.00 | 0.0009500 |   388  | Correct
 345 |  8042.32 | 3801.00 | 0.0056700 |   608  | -3567.00 | 0.0048300 |   216  | Correct
 345 |  8042.32 | 3801.00 | 0.0056700 |   608  | -3567.00 | 0.0048300 |   374  | Correct
 345 |  8042.32 | 3801.00 | 0.0056700 |   608  | -6534.00 | 0.0003200 |   222  | Correct
 345 |  8042.32 | 3801.00 | 0.0056700 |   608  | -6534.00 | 0.0003200 |   397  | Correct
 345 |  8042.32 | 3801.00 | 0.0056700 |   608  | -6534.00 | 0.0045100 |   233  | Correct
 345 |  8042.32 | 3801.00 | 0.0056700 |   608  | -6534.00 | 0.0045100 |   404  | Correct

Overall Grade: A
